                  * c:\users\jagad\desktop\esim\sasi\sasi.cir
                  Transient Analysis  Sat Oct 08 21:42:39  2022
--------------------------------------------------------------------------------
Index   time            v1#branch       v2#branch       v3#branch       
--------------------------------------------------------------------------------
0	0.000000e+00	0.000000e+00	-4.83828e-02	4.768401e-02	
1	1.000000e-06	-7.47153e-17	-4.83828e-02	4.768401e-02	
2	2.000000e-06	-8.90039e-17	-4.83828e-02	4.768401e-02	
3	4.000000e-06	-7.91452e-17	-4.83828e-02	4.768401e-02	
4	8.000000e-06	-5.05220e-17	-4.83828e-02	4.768401e-02	
5	1.600000e-05	-5.12553e-17	-4.83828e-02	4.768401e-02	
6	3.200000e-05	-6.67485e-17	-4.83828e-02	4.768401e-02	
7	6.400000e-05	-6.74041e-17	-4.83828e-02	4.768401e-02	
8	1.000000e-04	-3.34733e-17	-4.83828e-02	4.768401e-02	
9	1.064000e-04	-1.17422e-11	-4.63922e-02	4.568066e-02	
10	1.192000e-04	-1.13038e-10	-4.24187e-02	4.168399e-02	
11	1.448000e-04	-2.36324e-10	-3.44989e-02	3.372105e-02	
12	1.960000e-04	-1.32214e-10	-1.88703e-02	1.801650e-02	
13	2.000000e-04	-1.77541e-10	-1.76707e-02	1.681140e-02	
14	2.035404e-04	-6.89027e-11	-1.76707e-02	1.681140e-02	
15	2.106211e-04	-2.19026e-11	-1.76707e-02	1.681140e-02	
16	2.247825e-04	-9.76845e-12	-1.76707e-02	1.681140e-02	
17	2.531053e-04	-3.90739e-12	-1.76707e-02	1.681140e-02	
18	3.097509e-04	-2.23699e-12	-1.76707e-02	1.681140e-02	
19	4.230422e-04	-1.31046e-12	-1.76707e-02	1.681140e-02	
20	6.496248e-04	-5.73466e-13	-1.76707e-02	1.681140e-02	
21	1.102790e-03	-3.57511e-13	-1.76707e-02	1.681140e-02	
22	2.009120e-03	-1.32688e-13	-1.76707e-02	1.681140e-02	
23	3.821781e-03	-1.26708e-13	-1.76707e-02	1.681140e-02	
24	7.447102e-03	3.839104e-15	-1.76707e-02	1.681140e-02	
25	1.469774e-02	-4.81777e-14	-1.76707e-02	1.681140e-02	
26	2.919903e-02	4.019342e-14	-1.76707e-02	1.681140e-02	
27	5.820160e-02	-4.07236e-14	-1.76707e-02	1.681140e-02	
28	1.002000e-01	4.024720e-14	-1.76707e-02	1.681140e-02	
29	1.002100e-01	1.464967e-10	-1.76707e-02	1.681140e-02	
30	1.002300e-01	1.683829e-10	-1.76707e-02	1.681140e-02	
31	1.002700e-01	1.758745e-10	-1.76707e-02	1.681140e-02	
32	1.003000e-01	1.859047e-10	-1.76707e-02	1.681140e-02	
33	1.003066e-01	1.603208e-12	-1.76707e-02	1.681140e-02	
34	1.003199e-01	1.935747e-12	-1.76707e-02	1.681140e-02	
35	1.003464e-01	1.929556e-12	-1.76707e-02	1.681140e-02	
36	1.003993e-01	1.917286e-12	-1.76707e-02	1.681140e-02	
37	1.005053e-01	1.892981e-12	-1.76707e-02	1.681140e-02	
38	1.007173e-01	1.845358e-12	-1.76707e-02	1.681140e-02	
39	1.011411e-01	1.754093e-12	-1.76707e-02	1.681140e-02	
40	1.019889e-01	1.585929e-12	-1.76707e-02	1.681140e-02	
41	1.036844e-01	1.298523e-12	-1.76707e-02	1.681140e-02	
42	1.070754e-01	8.717905e-13	-1.76707e-02	1.681140e-02	
43	1.138574e-01	3.834107e-13	-1.76707e-02	1.681140e-02	
44	1.274214e-01	5.104568e-14	-1.76707e-02	1.681140e-02	
45	1.545494e-01	-1.62735e-14	-1.76707e-02	1.681140e-02	
46	2.088054e-01	9.718790e-15	-1.76707e-02	1.681140e-02	
47	3.088054e-01	-7.30840e-15	-1.76707e-02	1.681140e-02	
48	4.088054e-01	5.867724e-15	-1.76707e-02	1.681140e-02	
49	5.088054e-01	-4.67630e-15	-1.76707e-02	1.681140e-02	
50	6.088054e-01	3.518002e-15	-1.76707e-02	1.681140e-02	
51	7.088054e-01	-2.67712e-15	-1.76707e-02	1.681140e-02	
52	8.088054e-01	1.965290e-15	-1.76707e-02	1.681140e-02	
53	9.088054e-01	-1.45795e-15	-1.76707e-02	1.681140e-02	
54	1.000200e+00	1.005664e-15	-1.76707e-02	1.681140e-02	

Index   time            v1#branch       v2#branch       v3#branch       
--------------------------------------------------------------------------------
55	1.000210e+00	-1.71084e-10	-2.06779e-02	1.983242e-02	
56	1.000230e+00	-1.66298e-10	-2.67581e-02	2.594142e-02	
57	1.000270e+00	-1.55374e-10	-3.90723e-02	3.831877e-02	
58	1.000300e+00	-1.28606e-10	-4.83828e-02	4.768401e-02	
59	1.000305e+00	3.859061e-14	-4.83828e-02	4.768401e-02	
60	1.000314e+00	3.855455e-14	-4.83828e-02	4.768401e-02	
61	1.000333e+00	3.845279e-14	-4.83828e-02	4.768401e-02	
62	1.000370e+00	3.826018e-14	-4.83828e-02	4.768401e-02	
63	1.000445e+00	3.794676e-14	-4.83828e-02	4.768401e-02	
64	1.000595e+00	3.727013e-14	-4.83828e-02	4.768401e-02	
65	1.000894e+00	3.582822e-14	-4.83828e-02	4.768401e-02	
66	1.001492e+00	3.319713e-14	-4.83828e-02	4.768401e-02	
67	1.002689e+00	2.852672e-14	-4.83828e-02	4.768401e-02	
68	1.005083e+00	2.088063e-14	-4.83828e-02	4.768401e-02	
69	1.009871e+00	1.066996e-14	-4.83828e-02	4.768401e-02	
70	1.019447e+00	2.333293e-15	-4.83828e-02	4.768401e-02	
71	1.038600e+00	-2.53561e-16	-4.83828e-02	4.768401e-02	
72	1.076904e+00	-5.61707e-17	-4.83828e-02	4.768401e-02	
73	1.153512e+00	2.706147e-17	-4.83828e-02	4.768401e-02	
74	1.253512e+00	-3.63412e-17	-4.83828e-02	4.768401e-02	
75	1.353512e+00	3.923445e-17	-4.83828e-02	4.768401e-02	
76	1.453512e+00	-2.93358e-17	-4.83828e-02	4.768401e-02	
77	1.553512e+00	9.597786e-18	-4.83828e-02	4.768401e-02	
78	1.653512e+00	-9.39192e-18	-4.83828e-02	4.768401e-02	
79	1.753512e+00	2.234350e-17	-4.83828e-02	4.768401e-02	
80	1.853512e+00	-1.58109e-17	-4.83828e-02	4.768401e-02	
81	1.953512e+00	-1.50852e-18	-4.83828e-02	4.768401e-02	
82	2.000100e+00	1.232645e-17	-4.83828e-02	4.768401e-02	
83	2.000110e+00	-1.55113e-11	-4.52744e-02	4.455642e-02	
84	2.000130e+00	-2.31971e-10	-3.90723e-02	3.831877e-02	
85	2.000170e+00	-1.40234e-10	-2.67581e-02	2.594142e-02	
86	2.000200e+00	-2.10869e-10	-1.76707e-02	1.681137e-02	
87	2.000205e+00	-6.23531e-11	-1.76707e-02	1.681140e-02	
88	2.000216e+00	-1.45908e-11	-1.76707e-02	1.681140e-02	
89	2.000237e+00	-6.47644e-12	-1.76707e-02	1.681140e-02	
90	2.000280e+00	-2.67343e-12	-1.76707e-02	1.681140e-02	
91	2.000364e+00	-1.49074e-12	-1.76707e-02	1.681140e-02	
92	2.000534e+00	-9.11402e-13	-1.76707e-02	1.681140e-02	
93	2.000874e+00	-3.69274e-13	-1.76707e-02	1.681140e-02	
94	2.001553e+00	-2.70927e-13	-1.76707e-02	1.681140e-02	
95	2.002911e+00	-6.50410e-14	-1.76707e-02	1.681140e-02	
96	2.005627e+00	-1.05757e-13	-1.76707e-02	1.681140e-02	
97	2.011060e+00	3.429881e-14	-1.76707e-02	1.681140e-02	
98	2.021925e+00	-5.30403e-14	-1.76707e-02	1.681140e-02	
99	2.043656e+00	5.141951e-14	-1.76707e-02	1.681140e-02	
100	2.087116e+00	-5.18736e-14	-1.76707e-02	1.681140e-02	
101	2.100200e+00	5.164281e-14	-1.76707e-02	1.681140e-02	
102	2.100210e+00	1.464971e-10	-1.76707e-02	1.681140e-02	
103	2.100230e+00	1.683828e-10	-1.76707e-02	1.681140e-02	
104	2.100270e+00	1.758745e-10	-1.76707e-02	1.681140e-02	
105	2.100300e+00	1.859046e-10	-1.76707e-02	1.681140e-02	
106	2.100307e+00	1.603011e-12	-1.76707e-02	1.681140e-02	
107	2.100320e+00	1.935542e-12	-1.76707e-02	1.681140e-02	
108	2.100346e+00	1.929398e-12	-1.76707e-02	1.681140e-02	
109	2.100399e+00	1.917104e-12	-1.76707e-02	1.681140e-02	
110	2.100505e+00	1.892818e-12	-1.76707e-02	1.681140e-02	
111	2.100717e+00	1.845203e-12	-1.76707e-02	1.681140e-02	
112	2.101141e+00	1.753944e-12	-1.76707e-02	1.681140e-02	

Index   time            v1#branch       v2#branch       v3#branch       
--------------------------------------------------------------------------------
113	2.101989e+00	1.585785e-12	-1.76707e-02	1.681140e-02	
114	2.103684e+00	1.298444e-12	-1.76707e-02	1.681140e-02	
115	2.107075e+00	8.716893e-13	-1.76707e-02	1.681140e-02	
116	2.113857e+00	3.833829e-13	-1.76707e-02	1.681140e-02	
117	2.127421e+00	5.102199e-14	-1.76707e-02	1.681140e-02	
118	2.154549e+00	-1.62592e-14	-1.76707e-02	1.681140e-02	
119	2.208805e+00	9.707036e-15	-1.76707e-02	1.681140e-02	
120	2.308805e+00	-7.30153e-15	-1.76707e-02	1.681140e-02	
121	2.408805e+00	5.868779e-15	-1.76707e-02	1.681140e-02	
122	2.508805e+00	-4.67856e-15	-1.76707e-02	1.681140e-02	
123	2.608805e+00	3.515618e-15	-1.76707e-02	1.681140e-02	
124	2.708805e+00	-2.66469e-15	-1.76707e-02	1.681140e-02	
125	2.808805e+00	1.953385e-15	-1.76707e-02	1.681140e-02	
126	2.908805e+00	-1.44855e-15	-1.76707e-02	1.681140e-02	
127	3.000200e+00	9.959335e-16	-1.76707e-02	1.681140e-02	
128	3.000210e+00	-1.71084e-10	-2.06779e-02	1.983242e-02	
129	3.000230e+00	-1.66298e-10	-2.67581e-02	2.594142e-02	
130	3.000270e+00	-1.55374e-10	-3.90723e-02	3.831877e-02	
131	3.000300e+00	-1.28606e-10	-4.83828e-02	4.768401e-02	
132	3.000305e+00	3.850624e-14	-4.83828e-02	4.768401e-02	
133	3.000314e+00	3.847394e-14	-4.83828e-02	4.768401e-02	
134	3.000333e+00	3.839342e-14	-4.83828e-02	4.768401e-02	
135	3.000370e+00	3.825529e-14	-4.83828e-02	4.768401e-02	
136	3.000445e+00	3.795319e-14	-4.83828e-02	4.768401e-02	
137	3.000595e+00	3.722718e-14	-4.83828e-02	4.768401e-02	
138	3.000894e+00	3.578635e-14	-4.83828e-02	4.768401e-02	
139	3.001492e+00	3.319744e-14	-4.83828e-02	4.768401e-02	
140	3.002689e+00	2.851253e-14	-4.83828e-02	4.768401e-02	
141	3.005083e+00	2.086286e-14	-4.83828e-02	4.768401e-02	
142	3.009871e+00	1.065376e-14	-4.83828e-02	4.768401e-02	
143	3.019447e+00	2.340516e-15	-4.83828e-02	4.768401e-02	
144	3.038600e+00	-2.63547e-16	-4.83828e-02	4.768401e-02	
145	3.076904e+00	-4.50463e-17	-4.83828e-02	4.768401e-02	
146	3.153512e+00	1.936329e-17	-4.83828e-02	4.768401e-02	
147	3.253512e+00	-3.26566e-17	-4.83828e-02	4.768401e-02	
148	3.353512e+00	2.282314e-17	-4.83828e-02	4.768401e-02	
149	3.453512e+00	-8.84909e-19	-4.83828e-02	4.768401e-02	
150	3.553512e+00	-1.00143e-17	-4.83828e-02	4.768401e-02	
151	3.653512e+00	3.283823e-18	-4.83828e-02	4.768401e-02	
152	3.753512e+00	1.184528e-17	-4.83828e-02	4.768401e-02	
153	3.853512e+00	-1.84966e-17	-4.83828e-02	4.768401e-02	
154	3.953512e+00	1.103824e-17	-4.83828e-02	4.768401e-02	
155	4.000100e+00	-8.60779e-20	-4.83828e-02	4.768401e-02	
156	4.000110e+00	-1.55101e-11	-4.52744e-02	4.455642e-02	
157	4.000130e+00	-2.31964e-10	-3.90723e-02	3.831877e-02	
158	4.000170e+00	-1.40238e-10	-2.67581e-02	2.594142e-02	
159	4.000200e+00	-2.10868e-10	-1.76707e-02	1.681137e-02	
160	4.000205e+00	-6.23505e-11	-1.76707e-02	1.681140e-02	
161	4.000216e+00	-1.45905e-11	-1.76707e-02	1.681140e-02	
162	4.000237e+00	-6.47627e-12	-1.76707e-02	1.681140e-02	
163	4.000280e+00	-2.67334e-12	-1.76707e-02	1.681140e-02	
164	4.000364e+00	-1.49070e-12	-1.76707e-02	1.681140e-02	
165	4.000534e+00	-9.11410e-13	-1.76707e-02	1.681140e-02	
166	4.000874e+00	-3.69244e-13	-1.76707e-02	1.681140e-02	
167	4.001553e+00	-2.70973e-13	-1.76707e-02	1.681140e-02	
168	4.002911e+00	-6.50450e-14	-1.76707e-02	1.681140e-02	
169	4.005627e+00	-1.05722e-13	-1.76707e-02	1.681140e-02	
170	4.011060e+00	3.426171e-14	-1.76707e-02	1.681140e-02	

Index   time            v1#branch       v2#branch       v3#branch       
--------------------------------------------------------------------------------
171	4.021926e+00	-5.30307e-14	-1.76707e-02	1.681140e-02	
172	4.043657e+00	5.145146e-14	-1.76707e-02	1.681140e-02	
173	4.087119e+00	-5.19096e-14	-1.76707e-02	1.681140e-02	
174	4.100200e+00	5.169460e-14	-1.76707e-02	1.681140e-02	
175	4.100210e+00	1.464970e-10	-1.76707e-02	1.681140e-02	
176	4.100230e+00	1.683830e-10	-1.76707e-02	1.681140e-02	
177	4.100270e+00	1.758744e-10	-1.76707e-02	1.681140e-02	
178	4.100300e+00	1.859046e-10	-1.76707e-02	1.681140e-02	
179	4.100307e+00	1.602999e-12	-1.76707e-02	1.681140e-02	
180	4.100320e+00	1.935507e-12	-1.76707e-02	1.681140e-02	
181	4.100346e+00	1.929339e-12	-1.76707e-02	1.681140e-02	
182	4.100399e+00	1.917076e-12	-1.76707e-02	1.681140e-02	
183	4.100505e+00	1.892759e-12	-1.76707e-02	1.681140e-02	
184	4.100717e+00	1.845154e-12	-1.76707e-02	1.681140e-02	
185	4.101141e+00	1.753907e-12	-1.76707e-02	1.681140e-02	
186	4.101989e+00	1.585768e-12	-1.76707e-02	1.681140e-02	
187	4.103684e+00	1.298389e-12	-1.76707e-02	1.681140e-02	
188	4.107075e+00	8.716844e-13	-1.76707e-02	1.681140e-02	
189	4.113857e+00	3.833796e-13	-1.76707e-02	1.681140e-02	
190	4.127421e+00	5.099751e-14	-1.76707e-02	1.681140e-02	
191	4.154549e+00	-1.62303e-14	-1.76707e-02	1.681140e-02	
192	4.208805e+00	9.687983e-15	-1.76707e-02	1.681140e-02	
193	4.308805e+00	-7.28629e-15	-1.76707e-02	1.681140e-02	
194	4.408805e+00	5.855181e-15	-1.76707e-02	1.681140e-02	
195	4.508805e+00	-4.66756e-15	-1.76707e-02	1.681140e-02	
196	4.608805e+00	3.506401e-15	-1.76707e-02	1.681140e-02	
197	4.708805e+00	-2.65634e-15	-1.76707e-02	1.681140e-02	
198	4.808805e+00	1.943548e-15	-1.76707e-02	1.681140e-02	
199	4.908805e+00	-1.43811e-15	-1.76707e-02	1.681140e-02	
200	5.000200e+00	9.838826e-16	-1.76707e-02	1.681140e-02	
201	5.000210e+00	-1.71084e-10	-2.06779e-02	1.983242e-02	
202	5.000230e+00	-1.66298e-10	-2.67581e-02	2.594142e-02	
203	5.000270e+00	-1.55374e-10	-3.90723e-02	3.831877e-02	
204	5.000300e+00	-1.28606e-10	-4.83828e-02	4.768401e-02	
205	5.000305e+00	3.863686e-14	-4.83828e-02	4.768401e-02	
206	5.000314e+00	3.855577e-14	-4.83828e-02	4.768401e-02	
207	5.000333e+00	3.843886e-14	-4.83828e-02	4.768401e-02	
208	5.000370e+00	3.830037e-14	-4.83828e-02	4.768401e-02	
209	5.000445e+00	3.795623e-14	-4.83828e-02	4.768401e-02	
210	5.000595e+00	3.718920e-14	-4.83828e-02	4.768401e-02	
211	5.000894e+00	3.583013e-14	-4.83828e-02	4.768401e-02	
212	5.001492e+00	3.320206e-14	-4.83828e-02	4.768401e-02	
213	5.002689e+00	2.848623e-14	-4.83828e-02	4.768401e-02	
214	5.005083e+00	2.088909e-14	-4.83828e-02	4.768401e-02	
215	5.009871e+00	1.067106e-14	-4.83828e-02	4.768401e-02	
216	5.019447e+00	2.337453e-15	-4.83828e-02	4.768401e-02	
217	5.038600e+00	-2.67620e-16	-4.83828e-02	4.768401e-02	
218	5.076904e+00	-3.90297e-17	-4.83828e-02	4.768401e-02	
219	5.153512e+00	1.101149e-17	-4.83828e-02	4.768401e-02	
220	5.253512e+00	-2.37494e-17	-4.83828e-02	4.768401e-02	
221	5.353512e+00	3.172768e-17	-4.83828e-02	4.768401e-02	
222	5.453512e+00	-2.27178e-17	-4.83828e-02	4.768401e-02	
223	5.553512e+00	4.072759e-18	-4.83828e-02	4.768401e-02	
224	5.653512e+00	-5.81612e-18	-4.83828e-02	4.768401e-02	
225	5.753512e+00	1.633139e-17	-4.83828e-02	4.768401e-02	
226	5.853512e+00	-2.09758e-17	-4.83828e-02	4.768401e-02	
227	5.953512e+00	2.453743e-17	-4.83828e-02	4.768401e-02	
228	6.000100e+00	-1.90795e-17	-4.83828e-02	4.768401e-02	

Index   time            v1#branch       v2#branch       v3#branch       
--------------------------------------------------------------------------------
229	6.000110e+00	-1.55012e-11	-4.52744e-02	4.455642e-02	
230	6.000130e+00	-2.32006e-10	-3.90723e-02	3.831877e-02	
231	6.000170e+00	-1.40209e-10	-2.67581e-02	2.594142e-02	
232	6.000200e+00	-2.10880e-10	-1.76707e-02	1.681137e-02	
233	6.000205e+00	-6.23659e-11	-1.76707e-02	1.681140e-02	
234	6.000216e+00	-1.45929e-11	-1.76707e-02	1.681140e-02	
235	6.000237e+00	-6.47736e-12	-1.76707e-02	1.681140e-02	
236	6.000280e+00	-2.67380e-12	-1.76707e-02	1.681140e-02	
237	6.000364e+00	-1.49099e-12	-1.76707e-02	1.681140e-02	
238	6.000534e+00	-9.11525e-13	-1.76707e-02	1.681140e-02	
239	6.000874e+00	-3.69290e-13	-1.76707e-02	1.681140e-02	
240	6.001553e+00	-2.71001e-13	-1.76707e-02	1.681140e-02	
241	6.002911e+00	-6.50268e-14	-1.76707e-02	1.681140e-02	
242	6.005626e+00	-1.05777e-13	-1.76707e-02	1.681140e-02	
243	6.011058e+00	3.427804e-14	-1.76707e-02	1.681140e-02	
244	6.021922e+00	-5.30475e-14	-1.76707e-02	1.681140e-02	
245	6.043649e+00	5.144173e-14	-1.76707e-02	1.681140e-02	
246	6.087103e+00	-5.19000e-14	-1.76707e-02	1.681140e-02	
247	6.100200e+00	5.172210e-14	-1.76707e-02	1.681140e-02	
248	6.100210e+00	1.464970e-10	-1.76707e-02	1.681140e-02	
249	6.100230e+00	1.683830e-10	-1.76707e-02	1.681140e-02	
250	6.100270e+00	1.758744e-10	-1.76707e-02	1.681140e-02	
251	6.100300e+00	1.859046e-10	-1.76707e-02	1.681140e-02	
252	6.100307e+00	1.602982e-12	-1.76707e-02	1.681140e-02	
253	6.100320e+00	1.935515e-12	-1.76707e-02	1.681140e-02	
254	6.100346e+00	1.929343e-12	-1.76707e-02	1.681140e-02	
255	6.100399e+00	1.917096e-12	-1.76707e-02	1.681140e-02	
256	6.100505e+00	1.892773e-12	-1.76707e-02	1.681140e-02	
257	6.100717e+00	1.845150e-12	-1.76707e-02	1.681140e-02	
258	6.101141e+00	1.753912e-12	-1.76707e-02	1.681140e-02	
259	6.101989e+00	1.585719e-12	-1.76707e-02	1.681140e-02	
260	6.103684e+00	1.298389e-12	-1.76707e-02	1.681140e-02	
261	6.107075e+00	8.716840e-13	-1.76707e-02	1.681140e-02	
262	6.113857e+00	3.833817e-13	-1.76707e-02	1.681140e-02	
263	6.127421e+00	5.101290e-14	-1.76707e-02	1.681140e-02	
264	6.154549e+00	-1.62410e-14	-1.76707e-02	1.681140e-02	
265	6.208805e+00	9.692978e-15	-1.76707e-02	1.681140e-02	
266	6.308805e+00	-7.29068e-15	-1.76707e-02	1.681140e-02	
267	6.408805e+00	5.856568e-15	-1.76707e-02	1.681140e-02	
268	6.508805e+00	-4.66705e-15	-1.76707e-02	1.681140e-02	
269	6.608805e+00	3.508090e-15	-1.76707e-02	1.681140e-02	
270	6.708805e+00	-2.66633e-15	-1.76707e-02	1.681140e-02	
271	6.808805e+00	1.962383e-15	-1.76707e-02	1.681140e-02	
272	6.908805e+00	-1.45774e-15	-1.76707e-02	1.681140e-02	
273	7.000200e+00	1.003484e-15	-1.76707e-02	1.681140e-02	
274	7.000210e+00	-1.71084e-10	-2.06779e-02	1.983242e-02	
275	7.000230e+00	-1.66298e-10	-2.67581e-02	2.594142e-02	
276	7.000270e+00	-1.55374e-10	-3.90723e-02	3.831877e-02	
277	7.000300e+00	-1.28606e-10	-4.83828e-02	4.768401e-02	
278	7.000305e+00	3.858625e-14	-4.83828e-02	4.768401e-02	
279	7.000314e+00	3.855562e-14	-4.83828e-02	4.768401e-02	
280	7.000333e+00	3.843154e-14	-4.83828e-02	4.768401e-02	
281	7.000370e+00	3.829434e-14	-4.83828e-02	4.768401e-02	
282	7.000445e+00	3.794731e-14	-4.83828e-02	4.768401e-02	
283	7.000595e+00	3.722034e-14	-4.83828e-02	4.768401e-02	
284	7.000894e+00	3.584377e-14	-4.83828e-02	4.768401e-02	
285	7.001492e+00	3.321065e-14	-4.83828e-02	4.768401e-02	
286	7.002689e+00	2.848778e-14	-4.83828e-02	4.768401e-02	

Index   time            v1#branch       v2#branch       v3#branch       
--------------------------------------------------------------------------------
287	7.005083e+00	2.088591e-14	-4.83828e-02	4.768401e-02	
288	7.009871e+00	1.064542e-14	-4.83828e-02	4.768401e-02	
289	7.019447e+00	2.341944e-15	-4.83828e-02	4.768401e-02	
290	7.038600e+00	-2.67391e-16	-4.83828e-02	4.768401e-02	
291	7.076904e+00	-3.53661e-17	-4.83828e-02	4.768401e-02	
292	7.153512e+00	-3.83621e-18	-4.83828e-02	4.768401e-02	
293	7.253512e+00	9.775488e-18	-4.83828e-02	4.768401e-02	
294	7.353512e+00	-1.58172e-17	-4.83828e-02	4.768401e-02	
295	7.453512e+00	2.043382e-17	-4.83828e-02	4.768401e-02	
296	7.553512e+00	-1.57883e-17	-4.83828e-02	4.768401e-02	
297	7.653512e+00	1.453900e-17	-4.83828e-02	4.768401e-02	
298	7.753512e+00	-2.50633e-17	-4.83828e-02	4.768401e-02	
299	7.853512e+00	1.713161e-17	-4.83828e-02	4.768401e-02	
300	7.953512e+00	2.422357e-18	-4.83828e-02	4.768401e-02	
301	8.000100e+00	-8.05928e-18	-4.83828e-02	4.768401e-02	
302	8.000110e+00	-1.55025e-11	-4.52744e-02	4.455642e-02	
303	8.000130e+00	-2.32014e-10	-3.90723e-02	3.831877e-02	
304	8.000170e+00	-1.40205e-10	-2.67581e-02	2.594142e-02	
305	8.000200e+00	-2.10881e-10	-1.76707e-02	1.681137e-02	
306	8.000205e+00	-6.23687e-11	-1.76707e-02	1.681140e-02	
307	8.000216e+00	-1.45933e-11	-1.76707e-02	1.681140e-02	
308	8.000237e+00	-6.47756e-12	-1.76707e-02	1.681140e-02	
309	8.000280e+00	-2.67382e-12	-1.76707e-02	1.681140e-02	
310	8.000364e+00	-1.49102e-12	-1.76707e-02	1.681140e-02	
311	8.000534e+00	-9.11550e-13	-1.76707e-02	1.681140e-02	
312	8.000874e+00	-3.69348e-13	-1.76707e-02	1.681140e-02	
313	8.001553e+00	-2.71053e-13	-1.76707e-02	1.681140e-02	
314	8.002911e+00	-6.50452e-14	-1.76707e-02	1.681140e-02	
315	8.005626e+00	-1.05800e-13	-1.76707e-02	1.681140e-02	
316	8.011058e+00	3.431821e-14	-1.76707e-02	1.681140e-02	
317	8.021921e+00	-5.30331e-14	-1.76707e-02	1.681140e-02	
318	8.043648e+00	5.141349e-14	-1.76707e-02	1.681140e-02	
319	8.087101e+00	-5.18770e-14	-1.76707e-02	1.681140e-02	
320	8.100200e+00	5.167757e-14	-1.76707e-02	1.681140e-02	
321	8.100210e+00	1.464971e-10	-1.76707e-02	1.681140e-02	
322	8.100230e+00	1.683829e-10	-1.76707e-02	1.681140e-02	
323	8.100270e+00	1.758745e-10	-1.76707e-02	1.681140e-02	
324	8.100300e+00	1.859046e-10	-1.76707e-02	1.681140e-02	
325	8.100307e+00	1.603000e-12	-1.76707e-02	1.681140e-02	
326	8.100320e+00	1.935532e-12	-1.76707e-02	1.681140e-02	
327	8.100346e+00	1.929384e-12	-1.76707e-02	1.681140e-02	
328	8.100399e+00	1.917065e-12	-1.76707e-02	1.681140e-02	
329	8.100505e+00	1.892783e-12	-1.76707e-02	1.681140e-02	
330	8.100717e+00	1.845169e-12	-1.76707e-02	1.681140e-02	
331	8.101141e+00	1.753924e-12	-1.76707e-02	1.681140e-02	
332	8.101989e+00	1.585795e-12	-1.76707e-02	1.681140e-02	
333	8.103684e+00	1.298390e-12	-1.76707e-02	1.681140e-02	
334	8.107075e+00	8.716926e-13	-1.76707e-02	1.681140e-02	
335	8.113857e+00	3.833837e-13	-1.76707e-02	1.681140e-02	
336	8.127421e+00	5.102295e-14	-1.76707e-02	1.681140e-02	
337	8.154549e+00	-1.62567e-14	-1.76707e-02	1.681140e-02	
338	8.208805e+00	9.703613e-15	-1.76707e-02	1.681140e-02	
339	8.308805e+00	-7.29825e-15	-1.76707e-02	1.681140e-02	
340	8.408805e+00	5.866326e-15	-1.76707e-02	1.681140e-02	
341	8.508805e+00	-4.67731e-15	-1.76707e-02	1.681140e-02	
342	8.608805e+00	3.513658e-15	-1.76707e-02	1.681140e-02	
343	8.708805e+00	-2.66239e-15	-1.76707e-02	1.681140e-02	
344	8.808805e+00	1.953090e-15	-1.76707e-02	1.681140e-02	

Index   time            v1#branch       v2#branch       v3#branch       
--------------------------------------------------------------------------------
345	8.908805e+00	-1.45398e-15	-1.76707e-02	1.681140e-02	
346	9.000200e+00	9.997152e-16	-1.76707e-02	1.681140e-02	
347	9.000210e+00	-1.71084e-10	-2.06779e-02	1.983242e-02	
348	9.000230e+00	-1.66298e-10	-2.67581e-02	2.594142e-02	
349	9.000270e+00	-1.55374e-10	-3.90723e-02	3.831877e-02	
350	9.000300e+00	-1.28606e-10	-4.83828e-02	4.768401e-02	
351	9.000305e+00	3.856253e-14	-4.83828e-02	4.768401e-02	
352	9.000314e+00	3.854071e-14	-4.83828e-02	4.768401e-02	
353	9.000333e+00	3.849809e-14	-4.83828e-02	4.768401e-02	
354	9.000370e+00	3.826291e-14	-4.83828e-02	4.768401e-02	
355	9.000445e+00	3.792787e-14	-4.83828e-02	4.768401e-02	
356	9.000595e+00	3.727554e-14	-4.83828e-02	4.768401e-02	
357	9.000894e+00	3.585597e-14	-4.83828e-02	4.768401e-02	
358	9.001492e+00	3.323121e-14	-4.83828e-02	4.768401e-02	
359	9.002689e+00	2.853494e-14	-4.83828e-02	4.768401e-02	
360	9.005083e+00	2.089768e-14	-4.83828e-02	4.768401e-02	
361	9.009871e+00	1.065643e-14	-4.83828e-02	4.768401e-02	
362	9.019447e+00	2.351899e-15	-4.83828e-02	4.768401e-02	
363	9.038600e+00	-2.74614e-16	-4.83828e-02	4.768401e-02	
364	9.076904e+00	-3.80853e-17	-4.83828e-02	4.768401e-02	
365	9.153512e+00	1.160393e-17	-4.83828e-02	4.768401e-02	
366	9.253512e+00	-2.71527e-17	-4.83828e-02	4.768401e-02	
367	9.353512e+00	3.753342e-17	-4.83828e-02	4.768401e-02	
368	9.453512e+00	-3.89769e-17	-4.83828e-02	4.768401e-02	
369	9.553512e+00	4.031652e-17	-4.83828e-02	4.768401e-02	
370	9.653512e+00	-4.17642e-17	-4.83828e-02	4.768401e-02	
371	9.753512e+00	3.993409e-17	-4.83828e-02	4.768401e-02	
372	9.853512e+00	-4.23172e-17	-4.83828e-02	4.768401e-02	
373	9.953512e+00	3.314478e-17	-4.83828e-02	4.768401e-02	
374	1.000010e+01	-2.04530e-18	-4.83828e-02	4.768401e-02	
375	1.000011e+01	-1.55005e-11	-4.52744e-02	4.455642e-02	
376	1.000013e+01	-2.32001e-10	-3.90723e-02	3.831877e-02	
377	1.000017e+01	-1.40213e-10	-2.67581e-02	2.594142e-02	
378	1.000020e+01	-2.10879e-10	-1.76707e-02	1.681137e-02	
379	1.000021e+01	-6.23641e-11	-1.76707e-02	1.681140e-02	
380	1.000022e+01	-1.45928e-11	-1.76707e-02	1.681140e-02	
381	1.000024e+01	-6.47725e-12	-1.76707e-02	1.681140e-02	
382	1.000028e+01	-2.67374e-12	-1.76707e-02	1.681140e-02	
383	1.000036e+01	-1.49096e-12	-1.76707e-02	1.681140e-02	
384	1.000053e+01	-9.11530e-13	-1.76707e-02	1.681140e-02	
385	1.000087e+01	-3.69290e-13	-1.76707e-02	1.681140e-02	
386	1.000155e+01	-2.71059e-13	-1.76707e-02	1.681140e-02	
387	1.000291e+01	-6.50098e-14	-1.76707e-02	1.681140e-02	
388	1.000563e+01	-1.05768e-13	-1.76707e-02	1.681140e-02	
389	1.001106e+01	3.427708e-14	-1.76707e-02	1.681140e-02	
390	1.002192e+01	-5.30199e-14	-1.76707e-02	1.681140e-02	
391	1.004365e+01	5.142446e-14	-1.76707e-02	1.681140e-02	
392	1.008710e+01	-5.18946e-14	-1.76707e-02	1.681140e-02	
393	1.010020e+01	5.166547e-14	-1.76707e-02	1.681140e-02	
394	1.010021e+01	1.464971e-10	-1.76707e-02	1.681140e-02	
395	1.010023e+01	1.683829e-10	-1.76707e-02	1.681140e-02	
396	1.010027e+01	1.758745e-10	-1.76707e-02	1.681140e-02	
397	1.010030e+01	1.859046e-10	-1.76707e-02	1.681140e-02	
398	1.010031e+01	1.603001e-12	-1.76707e-02	1.681140e-02	
399	1.010032e+01	1.935568e-12	-1.76707e-02	1.681140e-02	
400	1.010035e+01	1.929388e-12	-1.76707e-02	1.681140e-02	
401	1.010040e+01	1.917095e-12	-1.76707e-02	1.681140e-02	
402	1.010051e+01	1.892823e-12	-1.76707e-02	1.681140e-02	

Index   time            v1#branch       v2#branch       v3#branch       
--------------------------------------------------------------------------------
403	1.010072e+01	1.845192e-12	-1.76707e-02	1.681140e-02	
404	1.010114e+01	1.753970e-12	-1.76707e-02	1.681140e-02	
405	1.010199e+01	1.585791e-12	-1.76707e-02	1.681140e-02	
406	1.010368e+01	1.298447e-12	-1.76707e-02	1.681140e-02	
407	1.010708e+01	8.716923e-13	-1.76707e-02	1.681140e-02	
408	1.011386e+01	3.833847e-13	-1.76707e-02	1.681140e-02	
409	1.012742e+01	5.101067e-14	-1.76707e-02	1.681140e-02	
410	1.015455e+01	-1.62455e-14	-1.76707e-02	1.681140e-02	
411	1.020881e+01	9.702520e-15	-1.76707e-02	1.681140e-02	
412	1.030881e+01	-7.30115e-15	-1.76707e-02	1.681140e-02	
413	1.040881e+01	5.865836e-15	-1.76707e-02	1.681140e-02	
414	1.050881e+01	-4.67315e-15	-1.76707e-02	1.681140e-02	
415	1.060881e+01	3.512321e-15	-1.76707e-02	1.681140e-02	
416	1.070881e+01	-2.66273e-15	-1.76707e-02	1.681140e-02	
417	1.080881e+01	1.950331e-15	-1.76707e-02	1.681140e-02	
418	1.090881e+01	-1.44875e-15	-1.76707e-02	1.681140e-02	
419	1.100020e+01	9.964982e-16	-1.76707e-02	1.681140e-02	
420	1.100021e+01	-1.71084e-10	-2.06779e-02	1.983242e-02	
421	1.100023e+01	-1.66298e-10	-2.67581e-02	2.594142e-02	
422	1.100027e+01	-1.55374e-10	-3.90723e-02	3.831877e-02	
423	1.100030e+01	-1.28606e-10	-4.83828e-02	4.768401e-02	
424	1.100030e+01	3.855842e-14	-4.83828e-02	4.768401e-02	
425	1.100031e+01	3.856547e-14	-4.83828e-02	4.768401e-02	
426	1.100033e+01	3.848559e-14	-4.83828e-02	4.768401e-02	
427	1.100037e+01	3.827165e-14	-4.83828e-02	4.768401e-02	
428	1.100044e+01	3.793176e-14	-4.83828e-02	4.768401e-02	
429	1.100059e+01	3.727182e-14	-4.83828e-02	4.768401e-02	
430	1.100089e+01	3.583510e-14	-4.83828e-02	4.768401e-02	
431	1.100149e+01	3.321985e-14	-4.83828e-02	4.768401e-02	
432	1.100269e+01	2.849031e-14	-4.83828e-02	4.768401e-02	
433	1.100508e+01	2.090410e-14	-4.83828e-02	4.768401e-02	
434	1.100987e+01	1.065270e-14	-4.83828e-02	4.768401e-02	
435	1.101945e+01	2.344487e-15	-4.83828e-02	4.768401e-02	
436	1.103860e+01	-2.71950e-16	-4.83828e-02	4.768401e-02	
437	1.107690e+01	-3.62256e-17	-4.83828e-02	4.768401e-02	
438	1.115351e+01	-6.17593e-19	-4.83828e-02	4.768401e-02	
439	1.125351e+01	-5.00173e-18	-4.83828e-02	4.768401e-02	
440	1.135351e+01	4.081343e-18	-4.83828e-02	4.768401e-02	
441	1.145351e+01	1.026130e-17	-4.83828e-02	4.768401e-02	
442	1.155351e+01	-2.24761e-17	-4.83828e-02	4.768401e-02	
443	1.165351e+01	1.689141e-17	-4.83828e-02	4.768401e-02	
444	1.175351e+01	-1.29958e-17	-4.83828e-02	4.768401e-02	
445	1.185351e+01	7.314127e-18	-4.83828e-02	4.768401e-02	
446	1.195351e+01	1.086450e-17	-4.83828e-02	4.768401e-02	
447	1.200010e+01	-1.77037e-17	-4.83828e-02	4.768401e-02	
448	1.200011e+01	-1.55012e-11	-4.52744e-02	4.455642e-02	
449	1.200013e+01	-2.32005e-10	-3.90723e-02	3.831877e-02	
450	1.200017e+01	-1.40210e-10	-2.67581e-02	2.594142e-02	
451	1.200020e+01	-2.10880e-10	-1.76707e-02	1.681137e-02	
452	1.200021e+01	-6.23657e-11	-1.76707e-02	1.681140e-02	
453	1.200022e+01	-1.45930e-11	-1.76707e-02	1.681140e-02	
454	1.200024e+01	-6.47737e-12	-1.76707e-02	1.681140e-02	
455	1.200028e+01	-2.67373e-12	-1.76707e-02	1.681140e-02	
456	1.200036e+01	-1.49102e-12	-1.76707e-02	1.681140e-02	
457	1.200053e+01	-9.11534e-13	-1.76707e-02	1.681140e-02	
458	1.200087e+01	-3.69229e-13	-1.76707e-02	1.681140e-02	
459	1.200155e+01	-2.71007e-13	-1.76707e-02	1.681140e-02	
460	1.200291e+01	-6.51283e-14	-1.76707e-02	1.681140e-02	

Index   time            v1#branch       v2#branch       v3#branch       
--------------------------------------------------------------------------------
461	1.200563e+01	-1.05748e-13	-1.76707e-02	1.681140e-02	
462	1.201106e+01	3.425369e-14	-1.76707e-02	1.681140e-02	
463	1.202192e+01	-5.30505e-14	-1.76707e-02	1.681140e-02	
464	1.204365e+01	5.144990e-14	-1.76707e-02	1.681140e-02	
465	1.208710e+01	-5.19024e-14	-1.76707e-02	1.681140e-02	
466	1.210020e+01	5.170082e-14	-1.76707e-02	1.681140e-02	
467	1.210021e+01	1.464970e-10	-1.76707e-02	1.681140e-02	
468	1.210023e+01	1.683828e-10	-1.76707e-02	1.681140e-02	
469	1.210027e+01	1.758745e-10	-1.76707e-02	1.681140e-02	
470	1.210030e+01	1.859046e-10	-1.76707e-02	1.681140e-02	
471	1.210031e+01	1.603024e-12	-1.76707e-02	1.681140e-02	
472	1.210032e+01	1.935543e-12	-1.76707e-02	1.681140e-02	
473	1.210035e+01	1.929382e-12	-1.76707e-02	1.681140e-02	
474	1.210040e+01	1.917103e-12	-1.76707e-02	1.681140e-02	
475	1.210051e+01	1.892796e-12	-1.76707e-02	1.681140e-02	
476	1.210072e+01	1.845186e-12	-1.76707e-02	1.681140e-02	
477	1.210114e+01	1.753951e-12	-1.76707e-02	1.681140e-02	
478	1.210199e+01	1.585787e-12	-1.76707e-02	1.681140e-02	
479	1.210368e+01	1.298428e-12	-1.76707e-02	1.681140e-02	
480	1.210708e+01	8.716904e-13	-1.76707e-02	1.681140e-02	
481	1.211386e+01	3.833832e-13	-1.76707e-02	1.681140e-02	
482	1.212742e+01	5.100135e-14	-1.76707e-02	1.681140e-02	
483	1.215455e+01	-1.62347e-14	-1.76707e-02	1.681140e-02	
484	1.220881e+01	9.693502e-15	-1.76707e-02	1.681140e-02	
485	1.230881e+01	-7.29295e-15	-1.76707e-02	1.681140e-02	
486	1.240881e+01	5.857973e-15	-1.76707e-02	1.681140e-02	
487	1.250881e+01	-4.66283e-15	-1.76707e-02	1.681140e-02	
488	1.260881e+01	3.500656e-15	-1.76707e-02	1.681140e-02	
489	1.270881e+01	-2.65105e-15	-1.76707e-02	1.681140e-02	
490	1.280881e+01	1.937063e-15	-1.76707e-02	1.681140e-02	
491	1.290881e+01	-1.43369e-15	-1.76707e-02	1.681140e-02	
492	1.300020e+01	9.826186e-16	-1.76707e-02	1.681140e-02	
493	1.300021e+01	-1.71084e-10	-2.06779e-02	1.983242e-02	
494	1.300023e+01	-1.66298e-10	-2.67581e-02	2.594142e-02	
495	1.300027e+01	-1.55374e-10	-3.90723e-02	3.831877e-02	
496	1.300030e+01	-1.28606e-10	-4.83828e-02	4.768401e-02	
497	1.300030e+01	3.859074e-14	-4.83828e-02	4.768401e-02	
498	1.300031e+01	3.850544e-14	-4.83828e-02	4.768401e-02	
499	1.300033e+01	3.845159e-14	-4.83828e-02	4.768401e-02	
500	1.300037e+01	3.828468e-14	-4.83828e-02	4.768401e-02	
501	1.300044e+01	3.793049e-14	-4.83828e-02	4.768401e-02	
502	1.300059e+01	3.720080e-14	-4.83828e-02	4.768401e-02	
503	1.300089e+01	3.583061e-14	-4.83828e-02	4.768401e-02	
504	1.300149e+01	3.320518e-14	-4.83828e-02	4.768401e-02	
505	1.300269e+01	2.852052e-14	-4.83828e-02	4.768401e-02	
506	1.300508e+01	2.087640e-14	-4.83828e-02	4.768401e-02	
507	1.300987e+01	1.063633e-14	-4.83828e-02	4.768401e-02	
508	1.301945e+01	2.361009e-15	-4.83828e-02	4.768401e-02	
509	1.303860e+01	-2.84204e-16	-4.83828e-02	4.768401e-02	
510	1.307690e+01	-2.51429e-17	-4.83828e-02	4.768401e-02	
511	1.315351e+01	-1.22327e-17	-4.83828e-02	4.768401e-02	
512	1.325351e+01	1.915725e-17	-4.83828e-02	4.768401e-02	
513	1.335351e+01	-2.90319e-17	-4.83828e-02	4.768401e-02	
514	1.345351e+01	3.594872e-17	-4.83828e-02	4.768401e-02	
515	1.355351e+01	-3.88995e-17	-4.83828e-02	4.768401e-02	
516	1.365351e+01	3.730737e-17	-4.83828e-02	4.768401e-02	
517	1.375351e+01	-2.68542e-17	-4.83828e-02	4.768401e-02	
518	1.385351e+01	8.773392e-18	-4.83828e-02	4.768401e-02	

Index   time            v1#branch       v2#branch       v3#branch       
--------------------------------------------------------------------------------
519	1.395351e+01	7.084545e-18	-4.83828e-02	4.768401e-02	
520	1.400010e+01	-2.35665e-17	-4.83828e-02	4.768401e-02	
521	1.400011e+01	-1.55117e-11	-4.52744e-02	4.455642e-02	
522	1.400013e+01	-2.31974e-10	-3.90723e-02	3.831877e-02	
523	1.400017e+01	-1.40232e-10	-2.67581e-02	2.594142e-02	
524	1.400020e+01	-2.10869e-10	-1.76707e-02	1.681137e-02	
525	1.400021e+01	-6.23541e-11	-1.76707e-02	1.681140e-02	
526	1.400022e+01	-1.45910e-11	-1.76707e-02	1.681140e-02	
527	1.400024e+01	-6.47648e-12	-1.76707e-02	1.681140e-02	
528	1.400028e+01	-2.67345e-12	-1.76707e-02	1.681140e-02	
529	1.400036e+01	-1.49075e-12	-1.76707e-02	1.681140e-02	
530	1.400053e+01	-9.11426e-13	-1.76707e-02	1.681140e-02	
531	1.400087e+01	-3.69257e-13	-1.76707e-02	1.681140e-02	
532	1.400155e+01	-2.70963e-13	-1.76707e-02	1.681140e-02	
533	1.400291e+01	-6.50345e-14	-1.76707e-02	1.681140e-02	
534	1.400563e+01	-1.05753e-13	-1.76707e-02	1.681140e-02	
535	1.401106e+01	3.426850e-14	-1.76707e-02	1.681140e-02	
536	1.402192e+01	-5.29922e-14	-1.76707e-02	1.681140e-02	
537	1.404366e+01	5.140998e-14	-1.76707e-02	1.681140e-02	
538	1.408712e+01	-5.18871e-14	-1.76707e-02	1.681140e-02	
539	1.410020e+01	5.167836e-14	-1.76707e-02	1.681140e-02	
540	1.410021e+01	1.464971e-10	-1.76707e-02	1.681140e-02	
541	1.410023e+01	1.683829e-10	-1.76707e-02	1.681140e-02	
542	1.410027e+01	1.758745e-10	-1.76707e-02	1.681140e-02	
543	1.410030e+01	1.859046e-10	-1.76707e-02	1.681140e-02	
544	1.410031e+01	1.603005e-12	-1.76707e-02	1.681140e-02	
545	1.410032e+01	1.935565e-12	-1.76707e-02	1.681140e-02	
546	1.410035e+01	1.929381e-12	-1.76707e-02	1.681140e-02	
547	1.410040e+01	1.917107e-12	-1.76707e-02	1.681140e-02	
548	1.410051e+01	1.892797e-12	-1.76707e-02	1.681140e-02	
549	1.410072e+01	1.845172e-12	-1.76707e-02	1.681140e-02	
550	1.410114e+01	1.753919e-12	-1.76707e-02	1.681140e-02	
551	1.410199e+01	1.585792e-12	-1.76707e-02	1.681140e-02	
552	1.410368e+01	1.298425e-12	-1.76707e-02	1.681140e-02	
553	1.410708e+01	8.716886e-13	-1.76707e-02	1.681140e-02	
554	1.411386e+01	3.833821e-13	-1.76707e-02	1.681140e-02	
555	1.412742e+01	5.101877e-14	-1.76707e-02	1.681140e-02	
556	1.415455e+01	-1.62562e-14	-1.76707e-02	1.681140e-02	
557	1.420881e+01	9.707046e-15	-1.76707e-02	1.681140e-02	
558	1.430881e+01	-7.29955e-15	-1.76707e-02	1.681140e-02	
559	1.440881e+01	5.863643e-15	-1.76707e-02	1.681140e-02	
560	1.450881e+01	-4.67487e-15	-1.76707e-02	1.681140e-02	
561	1.460881e+01	3.517831e-15	-1.76707e-02	1.681140e-02	
562	1.470881e+01	-2.67812e-15	-1.76707e-02	1.681140e-02	
563	1.480881e+01	1.970538e-15	-1.76707e-02	1.681140e-02	
564	1.490881e+01	-1.46266e-15	-1.76707e-02	1.681140e-02	
565	1.500020e+01	1.004938e-15	-1.76707e-02	1.681140e-02	
566	1.500021e+01	-1.71084e-10	-2.06779e-02	1.983242e-02	
567	1.500023e+01	-1.66298e-10	-2.67581e-02	2.594142e-02	
568	1.500027e+01	-1.55374e-10	-3.90723e-02	3.831877e-02	
569	1.500030e+01	-1.28606e-10	-4.83828e-02	4.768401e-02	
570	1.500030e+01	3.855405e-14	-4.83828e-02	4.768401e-02	
571	1.500031e+01	3.853173e-14	-4.83828e-02	4.768401e-02	
572	1.500033e+01	3.847304e-14	-4.83828e-02	4.768401e-02	
573	1.500037e+01	3.829646e-14	-4.83828e-02	4.768401e-02	
574	1.500044e+01	3.791719e-14	-4.83828e-02	4.768401e-02	
575	1.500059e+01	3.726140e-14	-4.83828e-02	4.768401e-02	
576	1.500089e+01	3.583643e-14	-4.83828e-02	4.768401e-02	

Index   time            v1#branch       v2#branch       v3#branch       
--------------------------------------------------------------------------------
577	1.500149e+01	3.323031e-14	-4.83828e-02	4.768401e-02	
578	1.500269e+01	2.852214e-14	-4.83828e-02	4.768401e-02	
579	1.500508e+01	2.087898e-14	-4.83828e-02	4.768401e-02	
580	1.500987e+01	1.067486e-14	-4.83828e-02	4.768401e-02	
581	1.501945e+01	2.332464e-15	-4.83828e-02	4.768401e-02	
582	1.503860e+01	-2.65727e-16	-4.83828e-02	4.768401e-02	
583	1.507690e+01	-3.84076e-17	-4.83828e-02	4.768401e-02	
584	1.515351e+01	-8.25278e-19	-4.83828e-02	4.768401e-02	
585	1.525351e+01	4.621840e-18	-4.83828e-02	4.768401e-02	
586	1.535351e+01	-1.08957e-17	-4.83828e-02	4.768401e-02	
587	1.545351e+01	5.158046e-18	-4.83828e-02	4.768401e-02	
588	1.555351e+01	1.142460e-17	-4.83828e-02	4.768401e-02	
589	1.565351e+01	-2.02922e-17	-4.83828e-02	4.768401e-02	
590	1.575351e+01	2.622240e-17	-4.83828e-02	4.768401e-02	
591	1.585351e+01	-1.89923e-17	-4.83828e-02	4.768401e-02	
592	1.595351e+01	3.509052e-18	-4.83828e-02	4.768401e-02	
593	1.600010e+01	8.156243e-18	-4.83828e-02	4.768401e-02	
594	1.600011e+01	-1.55004e-11	-4.52744e-02	4.455642e-02	
595	1.600013e+01	-2.32001e-10	-3.90723e-02	3.831877e-02	
596	1.600017e+01	-1.40213e-10	-2.67581e-02	2.594142e-02	
597	1.600020e+01	-2.10879e-10	-1.76707e-02	1.681137e-02	
598	1.600021e+01	-6.23640e-11	-1.76707e-02	1.681140e-02	
599	1.600022e+01	-1.45927e-11	-1.76707e-02	1.681140e-02	
600	1.600024e+01	-6.47722e-12	-1.76707e-02	1.681140e-02	
601	1.600028e+01	-2.67370e-12	-1.76707e-02	1.681140e-02	
602	1.600036e+01	-1.49101e-12	-1.76707e-02	1.681140e-02	
603	1.600053e+01	-9.11552e-13	-1.76707e-02	1.681140e-02	
604	1.600087e+01	-3.69308e-13	-1.76707e-02	1.681140e-02	
605	1.600155e+01	-2.70968e-13	-1.76707e-02	1.681140e-02	
606	1.600291e+01	-6.50248e-14	-1.76707e-02	1.681140e-02	
607	1.600563e+01	-1.05788e-13	-1.76707e-02	1.681140e-02	
608	1.601106e+01	3.428914e-14	-1.76707e-02	1.681140e-02	
609	1.602192e+01	-5.30165e-14	-1.76707e-02	1.681140e-02	
610	1.604365e+01	5.141424e-14	-1.76707e-02	1.681140e-02	
611	1.608710e+01	-5.18786e-14	-1.76707e-02	1.681140e-02	
612	1.610020e+01	5.167750e-14	-1.76707e-02	1.681140e-02	
613	1.610021e+01	1.464970e-10	-1.76707e-02	1.681140e-02	
614	1.610023e+01	1.683830e-10	-1.76707e-02	1.681140e-02	
615	1.610027e+01	1.758744e-10	-1.76707e-02	1.681140e-02	
616	1.610030e+01	1.859047e-10	-1.76707e-02	1.681140e-02	
617	1.610031e+01	1.603007e-12	-1.76707e-02	1.681140e-02	
618	1.610032e+01	1.935516e-12	-1.76707e-02	1.681140e-02	
619	1.610035e+01	1.929350e-12	-1.76707e-02	1.681140e-02	
620	1.610040e+01	1.917060e-12	-1.76707e-02	1.681140e-02	
621	1.610051e+01	1.892791e-12	-1.76707e-02	1.681140e-02	
622	1.610072e+01	1.845155e-12	-1.76707e-02	1.681140e-02	
623	1.610114e+01	1.753909e-12	-1.76707e-02	1.681140e-02	
624	1.610199e+01	1.585762e-12	-1.76707e-02	1.681140e-02	
625	1.610368e+01	1.298389e-12	-1.76707e-02	1.681140e-02	
626	1.610708e+01	8.716864e-13	-1.76707e-02	1.681140e-02	
627	1.611386e+01	3.833805e-13	-1.76707e-02	1.681140e-02	
628	1.612742e+01	5.100313e-14	-1.76707e-02	1.681140e-02	
629	1.615455e+01	-1.62324e-14	-1.76707e-02	1.681140e-02	
630	1.620881e+01	9.687101e-15	-1.76707e-02	1.681140e-02	
631	1.630881e+01	-7.28472e-15	-1.76707e-02	1.681140e-02	
632	1.640881e+01	5.849521e-15	-1.76707e-02	1.681140e-02	
633	1.650881e+01	-4.65942e-15	-1.76707e-02	1.681140e-02	
634	1.660881e+01	3.503478e-15	-1.76707e-02	1.681140e-02	

Index   time            v1#branch       v2#branch       v3#branch       
--------------------------------------------------------------------------------
635	1.670881e+01	-2.66306e-15	-1.76707e-02	1.681140e-02	
636	1.680881e+01	1.958765e-15	-1.76707e-02	1.681140e-02	
637	1.690881e+01	-1.45498e-15	-1.76707e-02	1.681140e-02	
638	1.700020e+01	9.997445e-16	-1.76707e-02	1.681140e-02	
639	1.700021e+01	-1.71084e-10	-2.06779e-02	1.983242e-02	
640	1.700023e+01	-1.66298e-10	-2.67581e-02	2.594142e-02	
641	1.700027e+01	-1.55374e-10	-3.90723e-02	3.831877e-02	
642	1.700030e+01	-1.28606e-10	-4.83828e-02	4.768401e-02	
643	1.700030e+01	3.854606e-14	-4.83828e-02	4.768401e-02	
644	1.700031e+01	3.855401e-14	-4.83828e-02	4.768401e-02	
645	1.700033e+01	3.841503e-14	-4.83828e-02	4.768401e-02	
646	1.700037e+01	3.825791e-14	-4.83828e-02	4.768401e-02	
647	1.700044e+01	3.794605e-14	-4.83828e-02	4.768401e-02	
648	1.700059e+01	3.721026e-14	-4.83828e-02	4.768401e-02	
649	1.700089e+01	3.583297e-14	-4.83828e-02	4.768401e-02	
650	1.700149e+01	3.319353e-14	-4.83828e-02	4.768401e-02	
651	1.700269e+01	2.850769e-14	-4.83828e-02	4.768401e-02	
652	1.700508e+01	2.087430e-14	-4.83828e-02	4.768401e-02	
653	1.700987e+01	1.067602e-14	-4.83828e-02	4.768401e-02	
654	1.701945e+01	2.336783e-15	-4.83828e-02	4.768401e-02	
655	1.703860e+01	-2.57719e-16	-4.83828e-02	4.768401e-02	
656	1.707690e+01	-5.56262e-17	-4.83828e-02	4.768401e-02	
657	1.715351e+01	2.687570e-17	-4.83828e-02	4.768401e-02	
658	1.725351e+01	-3.51217e-17	-4.83828e-02	4.768401e-02	
659	1.735351e+01	3.729061e-17	-4.83828e-02	4.768401e-02	
660	1.745351e+01	-3.96169e-17	-4.83828e-02	4.768401e-02	
661	1.755351e+01	3.081075e-17	-4.83828e-02	4.768401e-02	
662	1.765351e+01	-1.17675e-17	-4.83828e-02	4.768401e-02	
663	1.775351e+01	9.643681e-18	-4.83828e-02	4.768401e-02	
664	1.785351e+01	-7.21177e-18	-4.83828e-02	4.768401e-02	
665	1.795351e+01	-3.72112e-18	-4.83828e-02	4.768401e-02	
666	1.800010e+01	8.667044e-18	-4.83828e-02	4.768401e-02	
667	1.800011e+01	-1.55120e-11	-4.52744e-02	4.455642e-02	
668	1.800013e+01	-2.31976e-10	-3.90723e-02	3.831877e-02	
669	1.800017e+01	-1.40231e-10	-2.67581e-02	2.594142e-02	
670	1.800020e+01	-2.10869e-10	-1.76707e-02	1.681137e-02	
671	1.800021e+01	-6.23549e-11	-1.76707e-02	1.681140e-02	
672	1.800022e+01	-1.45910e-11	-1.76707e-02	1.681140e-02	
673	1.800024e+01	-6.47653e-12	-1.76707e-02	1.681140e-02	
674	1.800028e+01	-2.67339e-12	-1.76707e-02	1.681140e-02	
675	1.800036e+01	-1.49080e-12	-1.76707e-02	1.681140e-02	
676	1.800053e+01	-9.11414e-13	-1.76707e-02	1.681140e-02	
677	1.800087e+01	-3.69299e-13	-1.76707e-02	1.681140e-02	
678	1.800155e+01	-2.71013e-13	-1.76707e-02	1.681140e-02	
679	1.800291e+01	-6.50184e-14	-1.76707e-02	1.681140e-02	
680	1.800563e+01	-1.05743e-13	-1.76707e-02	1.681140e-02	
681	1.801106e+01	3.427835e-14	-1.76707e-02	1.681140e-02	
682	1.802192e+01	-5.30443e-14	-1.76707e-02	1.681140e-02	
683	1.804365e+01	5.145712e-14	-1.76707e-02	1.681140e-02	
684	1.808711e+01	-5.19151e-14	-1.76707e-02	1.681140e-02	
685	1.810020e+01	5.169769e-14	-1.76707e-02	1.681140e-02	
686	1.810021e+01	1.464970e-10	-1.76707e-02	1.681140e-02	
687	1.810023e+01	1.683830e-10	-1.76707e-02	1.681140e-02	
688	1.810027e+01	1.758745e-10	-1.76707e-02	1.681140e-02	
689	1.810030e+01	1.859046e-10	-1.76707e-02	1.681140e-02	
690	1.810031e+01	1.602985e-12	-1.76707e-02	1.681140e-02	
691	1.810032e+01	1.935543e-12	-1.76707e-02	1.681140e-02	
692	1.810035e+01	1.929372e-12	-1.76707e-02	1.681140e-02	

Index   time            v1#branch       v2#branch       v3#branch       
--------------------------------------------------------------------------------
693	1.810040e+01	1.917085e-12	-1.76707e-02	1.681140e-02	
694	1.810051e+01	1.892753e-12	-1.76707e-02	1.681140e-02	
695	1.810072e+01	1.845164e-12	-1.76707e-02	1.681140e-02	
696	1.810114e+01	1.753936e-12	-1.76707e-02	1.681140e-02	
697	1.810199e+01	1.585778e-12	-1.76707e-02	1.681140e-02	
698	1.810368e+01	1.298392e-12	-1.76707e-02	1.681140e-02	
699	1.810708e+01	8.716867e-13	-1.76707e-02	1.681140e-02	
700	1.811386e+01	3.833800e-13	-1.76707e-02	1.681140e-02	
701	1.812742e+01	5.102505e-14	-1.76707e-02	1.681140e-02	
702	1.815455e+01	-1.62616e-14	-1.76707e-02	1.681140e-02	
703	1.820881e+01	9.707634e-15	-1.76707e-02	1.681140e-02	
704	1.830881e+01	-7.29993e-15	-1.76707e-02	1.681140e-02	
705	1.840881e+01	5.863435e-15	-1.76707e-02	1.681140e-02	
706	1.850881e+01	-4.66879e-15	-1.76707e-02	1.681140e-02	
707	1.860881e+01	3.509976e-15	-1.76707e-02	1.681140e-02	
708	1.870881e+01	-2.67025e-15	-1.76707e-02	1.681140e-02	
709	1.880881e+01	1.962340e-15	-1.76707e-02	1.681140e-02	
710	1.890881e+01	-1.45698e-15	-1.76707e-02	1.681140e-02	
711	1.900020e+01	1.003936e-15	-1.76707e-02	1.681140e-02	
712	1.900021e+01	-1.71084e-10	-2.06779e-02	1.983242e-02	
713	1.900023e+01	-1.66298e-10	-2.67581e-02	2.594142e-02	
714	1.900027e+01	-1.55374e-10	-3.90723e-02	3.831877e-02	
715	1.900030e+01	-1.28606e-10	-4.83828e-02	4.768401e-02	
716	1.900030e+01	3.855600e-14	-4.83828e-02	4.768401e-02	
717	1.900031e+01	3.845281e-14	-4.83828e-02	4.768401e-02	
718	1.900033e+01	3.844156e-14	-4.83828e-02	4.768401e-02	
719	1.900037e+01	3.828588e-14	-4.83828e-02	4.768401e-02	
720	1.900044e+01	3.794601e-14	-4.83828e-02	4.768401e-02	
721	1.900059e+01	3.719997e-14	-4.83828e-02	4.768401e-02	
722	1.900089e+01	3.582286e-14	-4.83828e-02	4.768401e-02	
723	1.900149e+01	3.320827e-14	-4.83828e-02	4.768401e-02	
724	1.900269e+01	2.849525e-14	-4.83828e-02	4.768401e-02	
725	1.900508e+01	2.089844e-14	-4.83828e-02	4.768401e-02	
726	1.900987e+01	1.064979e-14	-4.83828e-02	4.768401e-02	
727	1.901945e+01	2.340178e-15	-4.83828e-02	4.768401e-02	
728	1.903860e+01	-2.59343e-16	-4.83828e-02	4.768401e-02	
729	1.907690e+01	-5.36842e-17	-4.83828e-02	4.768401e-02	
730	1.915351e+01	1.281247e-17	-4.83828e-02	4.768401e-02	
731	1.925351e+01	-4.17133e-18	-4.83828e-02	4.768401e-02	
732	1.935351e+01	-7.09403e-18	-4.83828e-02	4.768401e-02	
733	1.945351e+01	1.448578e-17	-4.83828e-02	4.768401e-02	
734	1.955351e+01	-1.82074e-17	-4.83828e-02	4.768401e-02	
735	1.965351e+01	1.164446e-17	-4.83828e-02	4.768401e-02	
736	1.975351e+01	2.403805e-18	-4.83828e-02	4.768401e-02	
737	1.985351e+01	-1.24005e-17	-4.83828e-02	4.768401e-02	
738	1.995351e+01	2.107613e-17	-4.83828e-02	4.768401e-02	
739	2.000000e+01	-3.35842e-17	-4.83828e-02	4.768401e-02	
